1.015269462763307762e+10
1.014501619779537010e+10
1.013648613346038818e+10
1.012701382889721489e+10
1.011649995073551750e+10
1.010483581451500511e+10
1.009190277092296219e+10
1.007757161872869682e+10
1.006170206591896820e+10
1.004414226574184990e+10
1.002472846028311348e+10
1.000328477078593636e+10
9.979623181071601868e+09
9.953543767922449112e+09
9.924835239824554443e+09
9.893275852559194565e+09
9.858634776117313385e+09
9.820673991416429520e+09
9.779150796224496841e+09
9.733820996214443207e+09
9.684442847675363541e+09
9.630781801472850800e+09
9.572616071800210953e+09
9.509743016759143829e+09
9.441986270053819656e+09
9.369203504165319443e+09
9.291294636662967682e+09
9.208210215829673767e+09
9.119959644488830566e+09
9.026618828791046143e+09
8.928336780497413635e+09
8.825340666861738205e+09
8.717938801484983444e+09
8.606521110949916840e+09
8.491556700919602394e+09
8.373588282122660637e+09
8.253223395598331451e+09
8.131122585590262413e+09
8.007984889610627174e+09
7.884531226534439087e+09
7.761486442044560432e+09
7.639560895359484673e+09
7.519432526230250359e+09
7.401730318674256325e+09
7.287019978767593384e+09
7.175792477881811142e+09
7.068455897439058304e+09
6.965330769272724152e+09
6.866648862094903946e+09
6.772555143704454422e+09
6.683112470964694977e+09
6.598308439533468246e+09
6.518063769263026237e+09
6.442241607208437920e+09
6.370657188901809692e+09
6.303087395062313080e+09
6.239279857551067352e+09
6.178961387675385475e+09
6.121845607213580132e+09
6.067639747617848396e+09
6.016050640831336021e+09
5.966789955994674683e+09
5.919578743802206039e+09
5.874151340541491508e+09
5.830258663954737663e+09
5.787670909762543678e+09
5.746179636718174934e+09
5.705599213753840446e+09
5.665767598024770737e+09
5.626546418951814651e+09
5.587820360887258530e+09
5.549495864651783943e+09
5.511499203463951111e+09
5.473774028004321098e+09
5.436278513814481735e+09
5.398982276702814102e+09
5.361863243288153648e+09
5.324904670253266335e+09
5.288092495062664032e+09
5.251413172842373848e+09
5.214852111202779770e+09
5.178392761428567886e+09
5.142016366440174103e+09
5.105702309512664795e+09
5.069428958776568413e+09
5.033174865743399620e+09
4.996920154610301971e+09
4.960647934225838661e+09
4.924345575916485786e+09
4.888005725915596008e+09
4.851626957675181389e+09
4.815214012705671310e+09
4.778777624015849113e+09
4.742333958762150764e+09
4.705903751709237099e+09
4.669511224747921944e+09
4.633182897622768402e+09
4.596946390680061340e+09
4.560829303463169098e+09
4.524858226966114044e+09
4.489057917407934189e+09
4.453450631225343704e+09
4.418055599838551521e+09
4.382888612306239128e+09
4.347961675566983223e+09
4.313282734193537712e+09
4.278855450681319714e+09
4.244679067898039341e+09
4.210748391724512100e+09
4.177053939344585419e+09
4.143582294335293770e+09
4.110316693516695023e+09
4.077237844885921001e+09
4.044324945342734814e+09
4.011556836809913158e+09
3.978913215166604042e+09
3.946375792442253590e+09
3.913929311441791534e+09
3.881562323712931633e+09
3.849267664803443909e+09
3.817042591690207481e+09
3.784888581687077999e+09
3.752810825307469368e+09
3.720817473175215244e+09
3.688918715860768318e+09
3.657125783696938038e+09
3.625449951098931789e+09
3.593901618145672321e+09
