3.379929525106256604e+08
4.191868080541977882e+08
5.197515238729593158e+08
6.442578416287162304e+08
7.983359371070392132e+08
9.889138494844436646e+08
1.224506922949717045e+09
1.515568198844202280e+09
1.874911272619577169e+09
2.318218819761839390e+09
2.864651748172790527e+09
3.537575670719788074e+09
4.365422990338155746e+09
5.382710180329750061e+09
6.631230591781749725e+09
8.161443023389561653e+09
1.003407496085524750e+10
1.232195636438662720e+10
1.511209460738484192e+10
1.850799304439193726e+10
2.263220409337617111e+10
2.762909208994848633e+10
3.366776109393478012e+10
4.094507817197655487e+10
4.968869376462364197e+10
6.015992853096150970e+10
7.265636232695806885e+10
8.751392845856825256e+10
1.051082888188977203e+11
1.258552476567862549e+11
1.502099588446501465e+11
1.786646990149281616e+11
2.117450215209110413e+11
2.500041768975134888e+11
2.940157847319776001e+11
3.443648664471088257e+11
4.016374912518771362e+11
4.664094372558345947e+11
5.392344121096278076e+11
6.206324964507590332e+11
7.110795531718933105e+11
8.109983730412606201e+11
9.207522943968419189e+11
1.040641940202692017e+12
1.170905566248039062e+12
1.311723324143073975e+12
1.463225533229539307e+12
1.625504852149334961e+12
1.798632070017302002e+12
1.982675121940438965e+12
2.177720889313466064e+12
2.383899375998740723e+12
2.601409948313985840e+12
2.830549468556836426e+12
3.071742308320557129e+12
3.325572364930785156e+12
3.592817290076090820e+12
3.874485150411083496e+12
4.171853664430633301e+12
4.486512001804729492e+12
4.820404908690160156e+12
5.175878665774132812e+12
5.555728134667482422e+12
5.963243948226258789e+12
6.402258799425487305e+12
6.877191828890617188e+12
7.393090346241687500e+12
7.955668579006171875e+12
8.571343842969625977e+12
9.247271462733160156e+12
9.991380900390855469e+12
1.081241679222516602e+13
1.171998982408725781e+13
1.272464343542751953e+13
1.383794304951711133e+13
1.507259470821782617e+13
1.644259950465966797e+13
1.796344898410985156e+13
1.965236474102451562e+13
2.152858290122816016e+13
2.361368126562844922e+13
2.593194391211094531e+13
2.851075536447850000e+13
3.138101441613535547e+13
3.457755669117804688e+13
3.813957532073770312e+13
4.211103088784826562e+13
4.654104508935991406e+13
5.148427724597459375e+13
5.700128853520815625e+13
6.315890510621174219e+13
7.003059737685523438e+13
7.769689804452557812e+13
8.624588493745570312e+13
9.577375627732628125e+13
1.063855250892514219e+14
1.181958567886710469e+14
1.313300703920447188e+14
1.459253208382587812e+14
1.621319793154562188e+14
1.801152318409441875e+14
2.000569245460698750e+14
2.221576969280716875e+14
2.466394600441278438e+14
2.737482920776630938e+14
3.037578346788600000e+14
3.369732754607479375e+14
3.737359912738296875e+14
4.144289015058363750e+14
4.594825415326131875e+14
5.093818176405781875e+14
5.646733532921611250e+14
6.259732917039623750e+14
6.939753913067307500e+14
7.694592478174708750e+14
8.532985058781055000e+14
9.464689870788986250e+14
1.050056757463527875e+15
1.165266279168994250e+15
1.293428926167414000e+15
1.436012278756585000e+15
1.594630730174306000e+15
1.771058028032042000e+15
1.967242423998344000e+15
2.185325114870451500e+15
2.427662632120652000e+15
2.696853787938820500e+15
2.995771732152987500e+15
